0
546
720
885
1202
1394
1561
1894
2078
2245
2411
2578
2745
2945
3278
3445
3612
3945
4112
4278
4487
4621
4804
4971
5138
5294
5488
5655
5991
6158
6342
6691
6858
7042
7374
7542
7725
7907
8075
8242
8425
8759
8925
9109
9442
9609
9775
9992
10142
10325
10475
10692
10842
11042
11192
11525
11692
11859
12176
12326
12526
12859
13026
13209
13376
13542
13725
13926
14242
14426
14609
14906
15076
15276
15426
15609
15793
15975
16143
16326
16493
16676
17026
17193
17343
17676
17843
18043
18360
18526
18726
18893
19060
19227
19410
19743
19910
20093
20427
20577
20760
20927
21093
21276
21460
21627
21777
21960
22160
22444
22627
22827
23144
23326
23510
23843
24027
24210
24377
24544
24727
24894
25227
25377
25561
25928
26094
26294
26460
26628
26793
26961
27128
27294
27460
27628
27994
28161
28345
28661
28828
29011
29345
29494
29678
29861
30027
30211
30378
30695
30878
31045
31328
31495
31695
31878
32028
32195
32395
32578
32762
32979
33161
33662
33829
34145
34662
34829
35145
35329
35529
35712
35912
36379
36528
36862
37346
37512
37696
37896
38096
38262
38453
38637
39053
39204
39404
39821
40153
40454
40621
40971
41121
41354
41721
41871
44104
44454
44821
45171
45471
45804
46172
46522
46888
47222
47572
47905
48257
48572
48855
49139
49305
49477
49655
49955
50322
50672
50995
51322
51672
52006
52344
52722
53039
53372
53708
53889
54040
54222
54411
54589
54789
54973
55156
55456
55623
55856
56040
56223
56423
56806
57056
57223
57390
57556
57756
58178
58423
58573
58740
58907
59090
59273
59589
59873
60239
60590
60924
61224
61390
61574
61757
61941
62324
62641
62991
63324
63491
63691
64007
64374
64558
64708
64874
65058
65224
65391
65558
65708
65858
66074
66424
66791
67141
67491
67791
68125
68458
68825
69158
69525
69875
70191
70542
70908
71259
71558
71925
72259
72625
72946
73259
73592
73942
74309
74676
75026
75359
75626
75812
75992
76176
76342
76526
76692
76843
77076
77709
78392
79043
79743
80276
81093
81826
82560
83227
83877
84534
85225
85892
86625
87291
87959
88309
88509
88675
88992
89192
89358
89692
89859
90042
90209
90376
90559
90759
91109
91275
91476
91809
91976
92126
92293
92459
92626
92776
92926
93110
93293
93459
93826
93992
94176
94509
94709
94876
95193
95343
95526
95693
95860
96027
96226
96559
96727
96910
97260
97427
97593
97760
97927
98110
98293
98459
98627
98810
99010
99410
99709
100043
100376
100727
101060
101377
101710
102060
102243
102443
102777
103244
103411
103794
104160
104461
104944
105128
105494
106027
106178
107178
107545
107895
108261
108595
108745
108912
109061
109245
109412
109594
109762
109962
110444
110612
110895
111511
111695
112645
113229
113396
113729
114262
114429
114779
115112
115446
115829
116012
116463
116979
117146
118212
119179
119346
119530
119696
119863
120030
120196
120346
120496
120680
120947
121513
121663
121963
122497
122686
123669
124236
124387
124703
125254
125403
126387
126887
127070
127437
127971
128138
129154
130121
130288
130471
130638
130821
130988
131154
131321
131488
131671
131871
